0.9929
0.9639
0.8847
0.997
0.9855
0.9987
0.9997
0.9984
0.9961
0.993
0.923
0.9753
0.9949
0.9973
0.9708
0.9269
0.9902
0.9535
0.9915
0.9657
0.9959
0.9738
0.9787
0.9986
0.9994
0.99
0.9422
0.6817
0.9964
0.925
0.9998
0.9996
0.9997
0.959
0.968
0.9942
0.921
0.9856
0.9978
0.9998
0.9998
0.9896
0.9645
0.9631
0.9978
0.995
0.9991
0.9971
0.9976
0.9995
0.9948
0.9977
0.9984
0.9991
0.9984
0.9986
0.9959
0.9939
0.991
0.9969
0.9897
0.9893
0.9906
0.9984
0.9781
0.9985
0.9747
0.9734
0.9806
0.8703
0.8842
0.9784
0.987
0.9946
0.9978
0.9992
0.9965
0.9979
0.9967
0.9949
0.9974
0.987
0.945
0.78
0.9831
0.9101
0.7663
0.67
0.787
0.9333
0.9796
0.9722
0.9778
0.9502
0.9505
0.9497
0.9285
0.8066
0.9917
0.9455
0.857
0.9393
0.8593
0.8844
0.9471
0.8964
0.8639
0.4989
0.8133
0.9686
0.5805
0.7991
0.5716
0.8323
0.8921
0.5257
0.8481
